R1	R2	R3	R4	R6	R5	type
-0.71662224	-0.043292517	-0.316660696	1.458732919	-0.383031701	0.109131806	0
-0.13517262	-0.684041771	0.18529944	-0.684581431	-0.247205465	-0.119128852	0
-0.25144804	-0.786633818	-0.385794461	-1.983302654	-0.421614597	0.015559901	0
-0.38490352	-1.131995329	0.347913473	1.029098206	0.122679464	-0.026965311	0
0.07236718	-0.636727031	-0.022081259	-1.30486324	-0.650614021	0.289836711	0
-0.27140288	-0.846391355	-0.118612401	-0.403097324	-0.094204843	-0.136377017	0
-0.51399766	0.384189077	-0.351310987	-0.314284572	0.020386037	-6.857965133	0
0.55027225	0.270016693	-0.065054888	0.075292675	-0.500458453	0.10465973	0
-0.2622672	-0.602194236	-0.58910906	-1.207179882	-0.401303374	0.653059266	0
-0.38736966	-3.253235291	1.222589223	1.930565692	1.06127316	0.409159274	0
-0.101361	-0.858700973	-0.12819948	-1.520789672	-0.435779504	-0.321931294	0
-0.74708179	0.09526943	-1.076151278	-0.65086959	-0.022989171	0.697372368	0
-0.52814224	-0.499430183	0.478206453	0.204233673	-0.069404102	0.017068257	0
0.02397891	-0.457970268	0.027582952	-0.246623896	-0.523024975	0.046417376	0
0.21256392	-0.501403317	-0.055363038	1.791218856	-0.513790545	0.154625943	0
-0.67842552	0.119795515	-0.063503002	-0.467350896	-0.05842359	0.129730912	0
-0.52025537	-0.342900458	0.138721784	1.559477565	-0.438122872	0.07900241	0
-0.59124346	-0.258772818	0.477819125	0.705139928	-0.166600288	0.060911395	0
-0.49347259	-0.65417508	0.027698485	0.758576649	-0.147374396	0.22597231	0
-0.20674151	-0.566111781	0.086127934	-0.726922163	-0.181078293	-0.142863092	0
-0.51692493	-1.414855491	0.508840983	1.076931887	0.123789211	0.421817222	0
-0.16879632	-0.607756409	-0.49708669	-0.906542268	-0.03393208	0.108067697	0
-0.48547606	-0.635925387	-0.85308483	-0.474883365	0.171169756	0.328026022	0
-0.61978459	-0.30105229	-1.477472353	-1.949621199	-0.018237526	0.93216409	0
-0.48471009	-0.22471624	-0.812794763	-0.856223666	0.036009535	-0.008510661	0
-0.79980833	-0.113613317	-0.201262411	0.853648994	-0.121445583	0.454252177	0
-0.23801581	-0.401933917	-0.214651856	-1.356176867	-0.444765222	0.268756488	0
0.02619232	-0.880760589	-0.36368606	-0.09710269	-0.114397043	0.189699754	0
-0.49992666	-0.664357239	0.299915123	-0.022295213	0.005051682	-0.079540955	0
0.03372005	-0.7687694	-0.044621499	1.237460909	-0.414311864	0.053361118	0
-0.76751912	-0.121453342	0.496847391	0.625888695	0.133166255	0.664756406	1
-0.24166378	0.008675778	0.38308505	-1.254929565	-0.2242823	-0.105180458	1
-0.84945764	2.411209484	-0.469984697	0.378459765	0.516485197	-0.100595746	1
-0.04649686	0.688052357	-0.037034449	0.045380074	-0.241721744	-0.324978607	1
-0.96436188	2.036409682	6.005305775	-1.639984865	0.688469919	1.016823644	1
3.36807628	0.978537422	-0.669373565	-0.812980607	-0.81552711	1.034033928	1
0.02554744	-0.341857298	0.05183624	2.092509493	-0.430273781	0.219900356	1
-0.63116145	2.016780319	-0.866357604	0.027679812	0.121141742	0.153044762	1
-0.46724587	0.393869139	-0.999471519	-0.078707042	-0.071207906	0.575794688	1
1.58626572	0.420135769	-0.003194881	-0.568461307	-0.410782501	-0.116282648	1
0.22632771	0.94831424	0.358836495	0.254662229	-0.636646386	-0.030213155	1
4.20748947	-0.546486317	0.111848546	0.685368391	0.048268614	0.141394593	1
0.38844931	1.560577844	-0.187234678	1.616939471	-0.934071084	-0.104583432	1
-0.41550606	1.120364774	-1.564904042	-0.177835586	3.783570005	0.719521239	1
-0.23498681	0.6397056	-0.923768548	-0.948915054	-0.21238654	0.490091482	1
-0.14035426	-0.493071859	0.138336278	0.423487921	-0.139984095	-0.046529452	1
-0.34237816	-0.374573016	0.057075384	-0.602782048	0.030651635	-0.686489393	1
0.11450941	0.166595643	0.108511727	0.784852066	-0.545744703	-0.106178582	1
0.19656777	2.277572181	0.462792026	1.507356377	0.375999799	-0.196246877	1
0.12136812	0.062899189	0.020195555	-0.263503437	-0.195682545	-0.211222359	1
-0.31091096	-0.227770289	-0.054989233	0.367053002	-0.145703468	0.076352118	1
0.31294988	-0.55470525	2.129025156	-0.950487786	-0.656477088	-1.106216083	1
3.7996566	-0.787745077	0.734543601	-0.699168836	1.336150486	-0.510835981	1
0.87931628	1.945452307	-0.10175693	1.281737896	-0.949201111	-0.157838079	1
0.26335603	0.65048155	0.031418143	0.345588754	-0.615072448	-0.185370326	1
-0.47997997	1.370089532	-0.782499477	-0.002395992	-0.220756658	0.381060204	1
-0.28077283	1.071116244	-0.489544315	-0.151620994	-0.334804369	0.855581188	1
0.36717106	-0.050730816	-0.103757391	0.207141807	5.608172847	-0.394963347	1
